11111111111111111111111111111111
10000000000000000000000000000001
10000000000000000000000000000001
10000000000000011100000000000001
10000000000001111111000000000001
10000000000011111111100000000001
10000000000011111111110000000001
10000000000111111111110000000001
10000000000111111111110000000001
10000000000111001001110000000001
10000000000111001001110000000001
10000000000011101011100001100001
10000000000011111111100010010001
10000000000001111111100000010001
10001100000011111111100000010001
10010010000111111111110000100001
10010001111111111111111111000001
10000000001111111111111100000001
10000000011111111111111100000001
10000000111111110111111110000001
10100001111011110011101111000001
11000011100011100011100011100101
11000111000011100001100001110011
11111110000011100001100000011111
10011000100011100001100000001101
10000001000011000001110000000001
10000001000111000000110000000001
10000001111110000000011111100001
10000000000000000000000000010001
10000000000000000000000000100001
00000000000000000000000000000001
11111111111111111111111111111111